     1    7        -1        -1          25         -11          12          -1          -2                                                  
     2    7        -1        -1          25         -11          12          -1          -4                                                  
     3    7        -1         1          25         -11          12           1          -2                                                  
     4    7        -1         1          25         -11          12           1          -4                                                  
     5    7        -1         1          25         -11          12          -2           3                                                  
     6    7        -1         1          25         -11          12          -2           5                                                  
     7    7        -1         1          25         -11          12          -4           3                                                  
     8    7        -1         1          25         -11          12          -4           5                                                  
     9    7        -1        -2          25         -11          12          -2          -2                                                  
    10    7        -1        -2          25         -11          12          -2          -4                                                  
    11    7        -1         2          25         -11          12           1          -1                                                  
    12    7        -1         2          25         -11          12          -1           3                                                  
    13    7        -1         2          25         -11          12          -1           5                                                  
    14    7        -1         2          25         -11          12           2          -2                                                  
    15    7        -1         2          25         -11          12           2          -4                                                  
    16    7        -1         2          25         -11          12           4          -4                                                  
    17    7        -1         2          25         -11          12           3          -3                                                  
    18    7        -1         2          25         -11          12           5          -5                                                  
    19    7        -1         2          25         -11          12          21          21                                                  
    20    7        -1        -4          25         -11          12          -2          -4                                                  
    21    7        -1        -4          25         -11          12          -4          -4                                                  
    22    7        -1         4          25         -11          12           1          -1                                                  
    23    7        -1         4          25         -11          12          -1           3                                                  
    24    7        -1         4          25         -11          12          -1           5                                                  
    25    7        -1         4          25         -11          12           2          -2                                                  
    26    7        -1         4          25         -11          12          -2           4                                                  
    27    7        -1         4          25         -11          12           4          -4                                                  
    28    7        -1         4          25         -11          12           3          -3                                                  
    29    7        -1         4          25         -11          12           5          -5                                                  
    30    7        -1         4          25         -11          12          21          21                                                  
    31    7        -1        -3          25         -11          12          -1          -2                                                  
    32    7        -1        -3          25         -11          12          -1          -4                                                  
    33    7        -1        -3          25         -11          12          -2          -3                                                  
    34    7        -1        -3          25         -11          12          -4          -3                                                  
    35    7        -1         3          25         -11          12          -2           3                                                  
    36    7        -1         3          25         -11          12          -4           3                                                  
    37    7        -1        -5          25         -11          12          -1          -2                                                  
    38    7        -1        -5          25         -11          12          -1          -4                                                  
    39    7        -1        -5          25         -11          12          -2          -5                                                  
    40    7        -1        -5          25         -11          12          -4          -5                                                  
    41    7        -1         5          25         -11          12          -2           5                                                  
    42    7        -1         5          25         -11          12          -4           5                                                  
    43    7        -1        21          25         -11          12          -2          21                                                  
    44    7        -1        21          25         -11          12          -4          21                                                  
    45    7         1        -1          25         -11          12           1          -2                                                  
    46    7         1        -1          25         -11          12           1          -4                                                  
    47    7         1        -1          25         -11          12          -2           3                                                  
    48    7         1        -1          25         -11          12          -2           5                                                  
    49    7         1        -1          25         -11          12          -4           3                                                  
    50    7         1        -1          25         -11          12          -4           5                                                  
    51    7         1         2          25         -11          12           1           1                                                  
    52    7         1         2          25         -11          12           1           3                                                  
    53    7         1         2          25         -11          12           1           5                                                  
    54    7         1         4          25         -11          12           1           1                                                  
    55    7         1         4          25         -11          12           1           3                                                  
    56    7         1         4          25         -11          12           1           5                                                  
    57    7         1        -3          25         -11          12           1          -2                                                  
    58    7         1        -3          25         -11          12           1          -4                                                  
    59    7         1        -5          25         -11          12           1          -2                                                  
    60    7         1        -5          25         -11          12           1          -4                                                  
    61    7        -2        -1          25         -11          12          -2          -2                                                  
    62    7        -2        -1          25         -11          12          -2          -4                                                  
    63    7        -2         2          25         -11          12           1          -2                                                  
    64    7        -2         2          25         -11          12           1          -4                                                  
    65    7        -2         2          25         -11          12          -2           3                                                  
    66    7        -2         2          25         -11          12          -2           5                                                  
    67    7        -2         2          25         -11          12          -4           3                                                  
    68    7        -2         2          25         -11          12          -4           5                                                  
    69    7        -2         4          25         -11          12           1          -2                                                  
    70    7        -2         4          25         -11          12          -2           3                                                  
    71    7        -2         4          25         -11          12          -2           5                                                  
    72    7        -2        -3          25         -11          12          -2          -2                                                  
    73    7        -2        -3          25         -11          12          -2          -4                                                  
    74    7        -2        -5          25         -11          12          -2          -2                                                  
    75    7        -2        -5          25         -11          12          -2          -4                                                  
    76    7         2        -1          25         -11          12           1          -1                                                  
    77    7         2        -1          25         -11          12          -1           3                                                  
    78    7         2        -1          25         -11          12          -1           5                                                  
    79    7         2        -1          25         -11          12           2          -2                                                  
    80    7         2        -1          25         -11          12           2          -4                                                  
    81    7         2        -1          25         -11          12           4          -4                                                  
    82    7         2        -1          25         -11          12           3          -3                                                  
    83    7         2        -1          25         -11          12           5          -5                                                  
    84    7         2        -1          25         -11          12          21          21                                                  
    85    7         2         1          25         -11          12           1           1                                                  
    86    7         2         1          25         -11          12           1           3                                                  
    87    7         2         1          25         -11          12           1           5                                                  
    88    7         2        -2          25         -11          12           1          -2                                                  
    89    7         2        -2          25         -11          12           1          -4                                                  
    90    7         2        -2          25         -11          12          -2           3                                                  
    91    7         2        -2          25         -11          12          -2           5                                                  
    92    7         2        -2          25         -11          12          -4           3                                                  
    93    7         2        -2          25         -11          12          -4           5                                                  
    94    7         2         2          25         -11          12           1           2                                                  
    95    7         2         2          25         -11          12           2           3                                                  
    96    7         2         2          25         -11          12           2           5                                                  
    97    7         2        -4          25         -11          12           1          -4                                                  
    98    7         2        -4          25         -11          12          -4           3                                                  
    99    7         2        -4          25         -11          12          -4           5                                                  
   100    7         2         4          25         -11          12           1           2                                                  
   101    7         2         4          25         -11          12           1           4                                                  
   102    7         2         4          25         -11          12           2           3                                                  
   103    7         2         4          25         -11          12           2           5                                                  
   104    7         2         4          25         -11          12           4           3                                                  
   105    7         2         4          25         -11          12           4           5                                                  
   106    7         2        -3          25         -11          12           1          -1                                                  
   107    7         2        -3          25         -11          12           1          -3                                                  
   108    7         2        -3          25         -11          12           2          -2                                                  
   109    7         2        -3          25         -11          12           2          -4                                                  
   110    7         2        -3          25         -11          12           4          -4                                                  
   111    7         2        -3          25         -11          12           3          -3                                                  
   112    7         2        -3          25         -11          12          -3           5                                                  
   113    7         2        -3          25         -11          12           5          -5                                                  
   114    7         2        -3          25         -11          12          21          21                                                  
   115    7         2         3          25         -11          12           1           3                                                  
   116    7         2         3          25         -11          12           3           3                                                  
   117    7         2         3          25         -11          12           3           5                                                  
   118    7         2        -5          25         -11          12           1          -1                                                  
   119    7         2        -5          25         -11          12           1          -5                                                  
   120    7         2        -5          25         -11          12           2          -2                                                  
   121    7         2        -5          25         -11          12           2          -4                                                  
   122    7         2        -5          25         -11          12           4          -4                                                  
   123    7         2        -5          25         -11          12           3          -3                                                  
   124    7         2        -5          25         -11          12           3          -5                                                  
   125    7         2        -5          25         -11          12           5          -5                                                  
   126    7         2        -5          25         -11          12          21          21                                                  
   127    7         2         5          25         -11          12           1           5                                                  
   128    7         2         5          25         -11          12           3           5                                                  
   129    7         2         5          25         -11          12           5           5                                                  
   130    7         2        21          25         -11          12           1          21                                                  
   131    7         2        21          25         -11          12           3          21                                                  
   132    7         2        21          25         -11          12           5          21                                                  
   133    7        -4        -1          25         -11          12          -2          -4                                                  
   134    7        -4        -1          25         -11          12          -4          -4                                                  
   135    7        -4         2          25         -11          12           1          -4                                                  
   136    7        -4         2          25         -11          12          -4           3                                                  
   137    7        -4         2          25         -11          12          -4           5                                                  
   138    7        -4         4          25         -11          12           1          -2                                                  
   139    7        -4         4          25         -11          12           1          -4                                                  
   140    7        -4         4          25         -11          12          -2           3                                                  
   141    7        -4         4          25         -11          12          -2           5                                                  
   142    7        -4         4          25         -11          12          -4           3                                                  
   143    7        -4         4          25         -11          12          -4           5                                                  
   144    7        -4        -3          25         -11          12          -2          -4                                                  
   145    7        -4        -3          25         -11          12          -4          -4                                                  
   146    7        -4        -5          25         -11          12          -2          -4                                                  
   147    7        -4        -5          25         -11          12          -4          -4                                                  
   148    7         4        -1          25         -11          12           1          -1                                                  
   149    7         4        -1          25         -11          12          -1           3                                                  
   150    7         4        -1          25         -11          12          -1           5                                                  
   151    7         4        -1          25         -11          12           2          -2                                                  
   152    7         4        -1          25         -11          12          -2           4                                                  
   153    7         4        -1          25         -11          12           4          -4                                                  
   154    7         4        -1          25         -11          12           3          -3                                                  
   155    7         4        -1          25         -11          12           5          -5                                                  
   156    7         4        -1          25         -11          12          21          21                                                  
   157    7         4         1          25         -11          12           1           1                                                  
   158    7         4         1          25         -11          12           1           3                                                  
   159    7         4         1          25         -11          12           1           5                                                  
   160    7         4        -2          25         -11          12           1          -2                                                  
   161    7         4        -2          25         -11          12          -2           3                                                  
   162    7         4        -2          25         -11          12          -2           5                                                  
   163    7         4         2          25         -11          12           1           2                                                  
   164    7         4         2          25         -11          12           1           4                                                  
   165    7         4         2          25         -11          12           2           3                                                  
   166    7         4         2          25         -11          12           2           5                                                  
   167    7         4         2          25         -11          12           4           3                                                  
   168    7         4         2          25         -11          12           4           5                                                  
   169    7         4        -4          25         -11          12           1          -2                                                  
   170    7         4        -4          25         -11          12           1          -4                                                  
   171    7         4        -4          25         -11          12          -2           3                                                  
   172    7         4        -4          25         -11          12          -2           5                                                  
   173    7         4        -4          25         -11          12          -4           3                                                  
   174    7         4        -4          25         -11          12          -4           5                                                  
   175    7         4         4          25         -11          12           1           4                                                  
   176    7         4         4          25         -11          12           4           3                                                  
   177    7         4         4          25         -11          12           4           5                                                  
   178    7         4        -3          25         -11          12           1          -1                                                  
   179    7         4        -3          25         -11          12           1          -3                                                  
   180    7         4        -3          25         -11          12           2          -2                                                  
   181    7         4        -3          25         -11          12          -2           4                                                  
   182    7         4        -3          25         -11          12           4          -4                                                  
   183    7         4        -3          25         -11          12           3          -3                                                  
   184    7         4        -3          25         -11          12          -3           5                                                  
   185    7         4        -3          25         -11          12           5          -5                                                  
   186    7         4        -3          25         -11          12          21          21                                                  
   187    7         4         3          25         -11          12           1           3                                                  
   188    7         4         3          25         -11          12           3           3                                                  
   189    7         4         3          25         -11          12           3           5                                                  
   190    7         4        -5          25         -11          12           1          -1                                                  
   191    7         4        -5          25         -11          12           1          -5                                                  
   192    7         4        -5          25         -11          12           2          -2                                                  
   193    7         4        -5          25         -11          12          -2           4                                                  
   194    7         4        -5          25         -11          12           4          -4                                                  
   195    7         4        -5          25         -11          12           3          -3                                                  
   196    7         4        -5          25         -11          12           3          -5                                                  
   197    7         4        -5          25         -11          12           5          -5                                                  
   198    7         4        -5          25         -11          12          21          21                                                  
   199    7         4         5          25         -11          12           1           5                                                  
   200    7         4         5          25         -11          12           3           5                                                  
   201    7         4         5          25         -11          12           5           5                                                  
   202    7         4        21          25         -11          12           1          21                                                  
   203    7         4        21          25         -11          12           3          21                                                  
   204    7         4        21          25         -11          12           5          21                                                  
   205    7        -3        -1          25         -11          12          -1          -2                                                  
   206    7        -3        -1          25         -11          12          -1          -4                                                  
   207    7        -3        -1          25         -11          12          -2          -3                                                  
   208    7        -3        -1          25         -11          12          -4          -3                                                  
   209    7        -3         1          25         -11          12           1          -2                                                  
   210    7        -3         1          25         -11          12           1          -4                                                  
   211    7        -3        -2          25         -11          12          -2          -2                                                  
   212    7        -3        -2          25         -11          12          -2          -4                                                  
   213    7        -3         2          25         -11          12           1          -1                                                  
   214    7        -3         2          25         -11          12           1          -3                                                  
   215    7        -3         2          25         -11          12           2          -2                                                  
   216    7        -3         2          25         -11          12           2          -4                                                  
   217    7        -3         2          25         -11          12           4          -4                                                  
   218    7        -3         2          25         -11          12           3          -3                                                  
   219    7        -3         2          25         -11          12          -3           5                                                  
   220    7        -3         2          25         -11          12           5          -5                                                  
   221    7        -3         2          25         -11          12          21          21                                                  
   222    7        -3        -4          25         -11          12          -2          -4                                                  
   223    7        -3        -4          25         -11          12          -4          -4                                                  
   224    7        -3         4          25         -11          12           1          -1                                                  
   225    7        -3         4          25         -11          12           1          -3                                                  
   226    7        -3         4          25         -11          12           2          -2                                                  
   227    7        -3         4          25         -11          12          -2           4                                                  
   228    7        -3         4          25         -11          12           4          -4                                                  
   229    7        -3         4          25         -11          12           3          -3                                                  
   230    7        -3         4          25         -11          12          -3           5                                                  
   231    7        -3         4          25         -11          12           5          -5                                                  
   232    7        -3         4          25         -11          12          21          21                                                  
   233    7        -3        -3          25         -11          12          -2          -3                                                  
   234    7        -3        -3          25         -11          12          -4          -3                                                  
   235    7        -3         3          25         -11          12           1          -2                                                  
   236    7        -3         3          25         -11          12           1          -4                                                  
   237    7        -3         3          25         -11          12          -2           3                                                  
   238    7        -3         3          25         -11          12          -2           5                                                  
   239    7        -3         3          25         -11          12          -4           3                                                  
   240    7        -3         3          25         -11          12          -4           5                                                  
   241    7        -3        -5          25         -11          12          -2          -3                                                  
   242    7        -3        -5          25         -11          12          -2          -5                                                  
   243    7        -3        -5          25         -11          12          -4          -3                                                  
   244    7        -3        -5          25         -11          12          -4          -5                                                  
   245    7        -3         5          25         -11          12          -2           5                                                  
   246    7        -3         5          25         -11          12          -4           5                                                  
   247    7        -3        21          25         -11          12          -2          21                                                  
   248    7        -3        21          25         -11          12          -4          21                                                  
   249    7         3        -1          25         -11          12          -2           3                                                  
   250    7         3        -1          25         -11          12          -4           3                                                  
   251    7         3         2          25         -11          12           1           3                                                  
   252    7         3         2          25         -11          12           3           3                                                  
   253    7         3         2          25         -11          12           3           5                                                  
   254    7         3         4          25         -11          12           1           3                                                  
   255    7         3         4          25         -11          12           3           3                                                  
   256    7         3         4          25         -11          12           3           5                                                  
   257    7         3        -3          25         -11          12           1          -2                                                  
   258    7         3        -3          25         -11          12           1          -4                                                  
   259    7         3        -3          25         -11          12          -2           3                                                  
   260    7         3        -3          25         -11          12          -2           5                                                  
   261    7         3        -3          25         -11          12          -4           3                                                  
   262    7         3        -3          25         -11          12          -4           5                                                  
   263    7         3        -5          25         -11          12          -2           3                                                  
   264    7         3        -5          25         -11          12          -4           3                                                  
   265    7        -5        -1          25         -11          12          -1          -2                                                  
   266    7        -5        -1          25         -11          12          -1          -4                                                  
   267    7        -5        -1          25         -11          12          -2          -5                                                  
   268    7        -5        -1          25         -11          12          -4          -5                                                  
   269    7        -5         1          25         -11          12           1          -2                                                  
   270    7        -5         1          25         -11          12           1          -4                                                  
   271    7        -5        -2          25         -11          12          -2          -2                                                  
   272    7        -5        -2          25         -11          12          -2          -4                                                  
   273    7        -5         2          25         -11          12           1          -1                                                  
   274    7        -5         2          25         -11          12           1          -5                                                  
   275    7        -5         2          25         -11          12           2          -2                                                  
   276    7        -5         2          25         -11          12           2          -4                                                  
   277    7        -5         2          25         -11          12           4          -4                                                  
   278    7        -5         2          25         -11          12           3          -3                                                  
   279    7        -5         2          25         -11          12           3          -5                                                  
   280    7        -5         2          25         -11          12           5          -5                                                  
   281    7        -5         2          25         -11          12          21          21                                                  
   282    7        -5        -4          25         -11          12          -2          -4                                                  
   283    7        -5        -4          25         -11          12          -4          -4                                                  
   284    7        -5         4          25         -11          12           1          -1                                                  
   285    7        -5         4          25         -11          12           1          -5                                                  
   286    7        -5         4          25         -11          12           2          -2                                                  
   287    7        -5         4          25         -11          12          -2           4                                                  
   288    7        -5         4          25         -11          12           4          -4                                                  
   289    7        -5         4          25         -11          12           3          -3                                                  
   290    7        -5         4          25         -11          12           3          -5                                                  
   291    7        -5         4          25         -11          12           5          -5                                                  
   292    7        -5         4          25         -11          12          21          21                                                  
   293    7        -5        -3          25         -11          12          -2          -3                                                  
   294    7        -5        -3          25         -11          12          -2          -5                                                  
   295    7        -5        -3          25         -11          12          -4          -3                                                  
   296    7        -5        -3          25         -11          12          -4          -5                                                  
   297    7        -5         3          25         -11          12          -2           3                                                  
   298    7        -5         3          25         -11          12          -4           3                                                  
   299    7        -5        -5          25         -11          12          -2          -5                                                  
   300    7        -5        -5          25         -11          12          -4          -5                                                  
   301    7        -5         5          25         -11          12           1          -2                                                  
   302    7        -5         5          25         -11          12           1          -4                                                  
   303    7        -5         5          25         -11          12          -2           3                                                  
   304    7        -5         5          25         -11          12          -2           5                                                  
   305    7        -5         5          25         -11          12          -4           3                                                  
   306    7        -5         5          25         -11          12          -4           5                                                  
   307    7        -5        21          25         -11          12          -2          21                                                  
   308    7        -5        21          25         -11          12          -4          21                                                  
   309    7         5        -1          25         -11          12          -2           5                                                  
   310    7         5        -1          25         -11          12          -4           5                                                  
   311    7         5         2          25         -11          12           1           5                                                  
   312    7         5         2          25         -11          12           3           5                                                  
   313    7         5         2          25         -11          12           5           5                                                  
   314    7         5         4          25         -11          12           1           5                                                  
   315    7         5         4          25         -11          12           3           5                                                  
   316    7         5         4          25         -11          12           5           5                                                  
   317    7         5        -3          25         -11          12          -2           5                                                  
   318    7         5        -3          25         -11          12          -4           5                                                  
   319    7         5        -5          25         -11          12           1          -2                                                  
   320    7         5        -5          25         -11          12           1          -4                                                  
   321    7         5        -5          25         -11          12          -2           3                                                  
   322    7         5        -5          25         -11          12          -2           5                                                  
   323    7         5        -5          25         -11          12          -4           3                                                  
   324    7         5        -5          25         -11          12          -4           5                                                  
   325    7        21        -1          25         -11          12          -2          21                                                  
   326    7        21        -1          25         -11          12          -4          21                                                  
   327    7        21         2          25         -11          12           1          21                                                  
   328    7        21         2          25         -11          12           3          21                                                  
   329    7        21         2          25         -11          12           5          21                                                  
   330    7        21         4          25         -11          12           1          21                                                  
   331    7        21         4          25         -11          12           3          21                                                  
   332    7        21         4          25         -11          12           5          21                                                  
   333    7        21        -3          25         -11          12          -2          21                                                  
   334    7        21        -3          25         -11          12          -4          21                                                  
   335    7        21        -5          25         -11          12          -2          21                                                  
   336    7        21        -5          25         -11          12          -4          21                                                  
   337    7        21        21          25         -11          12           1          -2                                                  
   338    7        21        21          25         -11          12           1          -4                                                  
   339    7        21        21          25         -11          12          -2           3                                                  
   340    7        21        21          25         -11          12          -2           5                                                  
   341    7        21        21          25         -11          12          -4           3                                                  
   342    7        21        21          25         -11          12          -4           5                                                  
