     1    6        -1         2          25         -11          12          21                                                              
     2    6        -1         4          25         -11          12          21                                                              
     3    6        -1        21          25         -11          12          -2                                                              
     4    6        -1        21          25         -11          12          -4                                                              
     5    6         2        -1          25         -11          12          21                                                              
     6    6         2        -3          25         -11          12          21                                                              
     7    6         2        -5          25         -11          12          21                                                              
     8    6         2        21          25         -11          12           1                                                              
     9    6         2        21          25         -11          12           3                                                              
    10    6         2        21          25         -11          12           5                                                              
    11    6         4        -1          25         -11          12          21                                                              
    12    6         4        -3          25         -11          12          21                                                              
    13    6         4        -5          25         -11          12          21                                                              
    14    6         4        21          25         -11          12           1                                                              
    15    6         4        21          25         -11          12           3                                                              
    16    6         4        21          25         -11          12           5                                                              
    17    6        -3         2          25         -11          12          21                                                              
    18    6        -3         4          25         -11          12          21                                                              
    19    6        -3        21          25         -11          12          -2                                                              
    20    6        -3        21          25         -11          12          -4                                                              
    21    6        -5         2          25         -11          12          21                                                              
    22    6        -5         4          25         -11          12          21                                                              
    23    6        -5        21          25         -11          12          -2                                                              
    24    6        -5        21          25         -11          12          -4                                                              
    25    6        21        -1          25         -11          12          -2                                                              
    26    6        21        -1          25         -11          12          -4                                                              
    27    6        21         2          25         -11          12           1                                                              
    28    6        21         2          25         -11          12           3                                                              
    29    6        21         2          25         -11          12           5                                                              
    30    6        21         4          25         -11          12           1                                                              
    31    6        21         4          25         -11          12           3                                                              
    32    6        21         4          25         -11          12           5                                                              
    33    6        21        -3          25         -11          12          -2                                                              
    34    6        21        -3          25         -11          12          -4                                                              
    35    6        21        -5          25         -11          12          -2                                                              
    36    6        21        -5          25         -11          12          -4                                                              
