     1    6        -1        -1          25          -1          -1          21                                                              
     2    6        -1         1          25           1          -1          21                                                              
     3    6        -1         1          25           2          -2          21                                                              
     4    6        -1         1          25           4          -4          21                                                              
     5    6        -1         1          25           3          -3          21                                                              
     6    6        -1         1          25           5          -5          21                                                              
     7    6        -1         1          25          21          21          21                                                              
     8    6        -1        -2          25          -1          -2          21                                                              
     9    6        -1         2          25          -1           2          21                                                              
    10    6        -1        -4          25          -1          -4          21                                                              
    11    6        -1         4          25          -1           4          21                                                              
    12    6        -1        -3          25          -1          -3          21                                                              
    13    6        -1         3          25          -1           3          21                                                              
    14    6        -1        -5          25          -1          -5          21                                                              
    15    6        -1         5          25          -1           5          21                                                              
    16    6        -1        21          25           1          -1          -1                                                              
    17    6        -1        21          25          -1           2          -2                                                              
    18    6        -1        21          25          -1           4          -4                                                              
    19    6        -1        21          25          -1           3          -3                                                              
    20    6        -1        21          25          -1           5          -5                                                              
    21    6        -1        21          25          -1          21          21                                                              
    22    6         1        -1          25           1          -1          21                                                              
    23    6         1        -1          25           2          -2          21                                                              
    24    6         1        -1          25           4          -4          21                                                              
    25    6         1        -1          25           3          -3          21                                                              
    26    6         1        -1          25           5          -5          21                                                              
    27    6         1        -1          25          21          21          21                                                              
    28    6         1         1          25           1           1          21                                                              
    29    6         1        -2          25           1          -2          21                                                              
    30    6         1         2          25           1           2          21                                                              
    31    6         1        -4          25           1          -4          21                                                              
    32    6         1         4          25           1           4          21                                                              
    33    6         1        -3          25           1          -3          21                                                              
    34    6         1         3          25           1           3          21                                                              
    35    6         1        -5          25           1          -5          21                                                              
    36    6         1         5          25           1           5          21                                                              
    37    6         1        21          25           1           1          -1                                                              
    38    6         1        21          25           1           2          -2                                                              
    39    6         1        21          25           1           4          -4                                                              
    40    6         1        21          25           1           3          -3                                                              
    41    6         1        21          25           1           5          -5                                                              
    42    6         1        21          25           1          21          21                                                              
    43    6        -2        -1          25          -1          -2          21                                                              
    44    6        -2         1          25           1          -2          21                                                              
    45    6        -2        -2          25          -2          -2          21                                                              
    46    6        -2         2          25           1          -1          21                                                              
    47    6        -2         2          25           2          -2          21                                                              
    48    6        -2         2          25           4          -4          21                                                              
    49    6        -2         2          25           3          -3          21                                                              
    50    6        -2         2          25           5          -5          21                                                              
    51    6        -2         2          25          21          21          21                                                              
    52    6        -2        -4          25          -2          -4          21                                                              
    53    6        -2         4          25          -2           4          21                                                              
    54    6        -2        -3          25          -2          -3          21                                                              
    55    6        -2         3          25          -2           3          21                                                              
    56    6        -2        -5          25          -2          -5          21                                                              
    57    6        -2         5          25          -2           5          21                                                              
    58    6        -2        21          25           1          -1          -2                                                              
    59    6        -2        21          25           2          -2          -2                                                              
    60    6        -2        21          25          -2           4          -4                                                              
    61    6        -2        21          25          -2           3          -3                                                              
    62    6        -2        21          25          -2           5          -5                                                              
    63    6        -2        21          25          -2          21          21                                                              
    64    6         2        -1          25          -1           2          21                                                              
    65    6         2         1          25           1           2          21                                                              
    66    6         2        -2          25           1          -1          21                                                              
    67    6         2        -2          25           2          -2          21                                                              
    68    6         2        -2          25           4          -4          21                                                              
    69    6         2        -2          25           3          -3          21                                                              
    70    6         2        -2          25           5          -5          21                                                              
    71    6         2        -2          25          21          21          21                                                              
    72    6         2         2          25           2           2          21                                                              
    73    6         2        -4          25           2          -4          21                                                              
    74    6         2         4          25           2           4          21                                                              
    75    6         2        -3          25           2          -3          21                                                              
    76    6         2         3          25           2           3          21                                                              
    77    6         2        -5          25           2          -5          21                                                              
    78    6         2         5          25           2           5          21                                                              
    79    6         2        21          25           1          -1           2                                                              
    80    6         2        21          25           2           2          -2                                                              
    81    6         2        21          25           2           4          -4                                                              
    82    6         2        21          25           2           3          -3                                                              
    83    6         2        21          25           2           5          -5                                                              
    84    6         2        21          25           2          21          21                                                              
    85    6        -4        -1          25          -1          -4          21                                                              
    86    6        -4         1          25           1          -4          21                                                              
    87    6        -4        -2          25          -2          -4          21                                                              
    88    6        -4         2          25           2          -4          21                                                              
    89    6        -4        -4          25          -4          -4          21                                                              
    90    6        -4         4          25           1          -1          21                                                              
    91    6        -4         4          25           2          -2          21                                                              
    92    6        -4         4          25           4          -4          21                                                              
    93    6        -4         4          25           3          -3          21                                                              
    94    6        -4         4          25           5          -5          21                                                              
    95    6        -4         4          25          21          21          21                                                              
    96    6        -4        -3          25          -4          -3          21                                                              
    97    6        -4         3          25          -4           3          21                                                              
    98    6        -4        -5          25          -4          -5          21                                                              
    99    6        -4         5          25          -4           5          21                                                              
   100    6        -4        21          25           1          -1          -4                                                              
   101    6        -4        21          25           2          -2          -4                                                              
   102    6        -4        21          25           4          -4          -4                                                              
   103    6        -4        21          25          -4           3          -3                                                              
   104    6        -4        21          25          -4           5          -5                                                              
   105    6        -4        21          25          -4          21          21                                                              
   106    6         4        -1          25          -1           4          21                                                              
   107    6         4         1          25           1           4          21                                                              
   108    6         4        -2          25          -2           4          21                                                              
   109    6         4         2          25           2           4          21                                                              
   110    6         4        -4          25           1          -1          21                                                              
   111    6         4        -4          25           2          -2          21                                                              
   112    6         4        -4          25           4          -4          21                                                              
   113    6         4        -4          25           3          -3          21                                                              
   114    6         4        -4          25           5          -5          21                                                              
   115    6         4        -4          25          21          21          21                                                              
   116    6         4         4          25           4           4          21                                                              
   117    6         4        -3          25           4          -3          21                                                              
   118    6         4         3          25           4           3          21                                                              
   119    6         4        -5          25           4          -5          21                                                              
   120    6         4         5          25           4           5          21                                                              
   121    6         4        21          25           1          -1           4                                                              
   122    6         4        21          25           2          -2           4                                                              
   123    6         4        21          25           4           4          -4                                                              
   124    6         4        21          25           4           3          -3                                                              
   125    6         4        21          25           4           5          -5                                                              
   126    6         4        21          25           4          21          21                                                              
   127    6        -3        -1          25          -1          -3          21                                                              
   128    6        -3         1          25           1          -3          21                                                              
   129    6        -3        -2          25          -2          -3          21                                                              
   130    6        -3         2          25           2          -3          21                                                              
   131    6        -3        -4          25          -4          -3          21                                                              
   132    6        -3         4          25           4          -3          21                                                              
   133    6        -3        -3          25          -3          -3          21                                                              
   134    6        -3         3          25           1          -1          21                                                              
   135    6        -3         3          25           2          -2          21                                                              
   136    6        -3         3          25           4          -4          21                                                              
   137    6        -3         3          25           3          -3          21                                                              
   138    6        -3         3          25           5          -5          21                                                              
   139    6        -3         3          25          21          21          21                                                              
   140    6        -3        -5          25          -3          -5          21                                                              
   141    6        -3         5          25          -3           5          21                                                              
   142    6        -3        21          25           1          -1          -3                                                              
   143    6        -3        21          25           2          -2          -3                                                              
   144    6        -3        21          25           4          -4          -3                                                              
   145    6        -3        21          25           3          -3          -3                                                              
   146    6        -3        21          25          -3           5          -5                                                              
   147    6        -3        21          25          -3          21          21                                                              
   148    6         3        -1          25          -1           3          21                                                              
   149    6         3         1          25           1           3          21                                                              
   150    6         3        -2          25          -2           3          21                                                              
   151    6         3         2          25           2           3          21                                                              
   152    6         3        -4          25          -4           3          21                                                              
   153    6         3         4          25           4           3          21                                                              
   154    6         3        -3          25           1          -1          21                                                              
   155    6         3        -3          25           2          -2          21                                                              
   156    6         3        -3          25           4          -4          21                                                              
   157    6         3        -3          25           3          -3          21                                                              
   158    6         3        -3          25           5          -5          21                                                              
   159    6         3        -3          25          21          21          21                                                              
   160    6         3         3          25           3           3          21                                                              
   161    6         3        -5          25           3          -5          21                                                              
   162    6         3         5          25           3           5          21                                                              
   163    6         3        21          25           1          -1           3                                                              
   164    6         3        21          25           2          -2           3                                                              
   165    6         3        21          25           4          -4           3                                                              
   166    6         3        21          25           3           3          -3                                                              
   167    6         3        21          25           3           5          -5                                                              
   168    6         3        21          25           3          21          21                                                              
   169    6        -5        -1          25          -1          -5          21                                                              
   170    6        -5         1          25           1          -5          21                                                              
   171    6        -5        -2          25          -2          -5          21                                                              
   172    6        -5         2          25           2          -5          21                                                              
   173    6        -5        -4          25          -4          -5          21                                                              
   174    6        -5         4          25           4          -5          21                                                              
   175    6        -5        -3          25          -3          -5          21                                                              
   176    6        -5         3          25           3          -5          21                                                              
   177    6        -5        -5          25          -5          -5          21                                                              
   178    6        -5         5          25           1          -1          21                                                              
   179    6        -5         5          25           2          -2          21                                                              
   180    6        -5         5          25           4          -4          21                                                              
   181    6        -5         5          25           3          -3          21                                                              
   182    6        -5         5          25           5          -5          21                                                              
   183    6        -5         5          25          21          21          21                                                              
   184    6        -5        21          25           1          -1          -5                                                              
   185    6        -5        21          25           2          -2          -5                                                              
   186    6        -5        21          25           4          -4          -5                                                              
   187    6        -5        21          25           3          -3          -5                                                              
   188    6        -5        21          25           5          -5          -5                                                              
   189    6        -5        21          25          -5          21          21                                                              
   190    6         5        -1          25          -1           5          21                                                              
   191    6         5         1          25           1           5          21                                                              
   192    6         5        -2          25          -2           5          21                                                              
   193    6         5         2          25           2           5          21                                                              
   194    6         5        -4          25          -4           5          21                                                              
   195    6         5         4          25           4           5          21                                                              
   196    6         5        -3          25          -3           5          21                                                              
   197    6         5         3          25           3           5          21                                                              
   198    6         5        -5          25           1          -1          21                                                              
   199    6         5        -5          25           2          -2          21                                                              
   200    6         5        -5          25           4          -4          21                                                              
   201    6         5        -5          25           3          -3          21                                                              
   202    6         5        -5          25           5          -5          21                                                              
   203    6         5        -5          25          21          21          21                                                              
   204    6         5         5          25           5           5          21                                                              
   205    6         5        21          25           1          -1           5                                                              
   206    6         5        21          25           2          -2           5                                                              
   207    6         5        21          25           4          -4           5                                                              
   208    6         5        21          25           3          -3           5                                                              
   209    6         5        21          25           5           5          -5                                                              
   210    6         5        21          25           5          21          21                                                              
   211    6        21        -1          25           1          -1          -1                                                              
   212    6        21        -1          25          -1           2          -2                                                              
   213    6        21        -1          25          -1           4          -4                                                              
   214    6        21        -1          25          -1           3          -3                                                              
   215    6        21        -1          25          -1           5          -5                                                              
   216    6        21        -1          25          -1          21          21                                                              
   217    6        21         1          25           1           1          -1                                                              
   218    6        21         1          25           1           2          -2                                                              
   219    6        21         1          25           1           4          -4                                                              
   220    6        21         1          25           1           3          -3                                                              
   221    6        21         1          25           1           5          -5                                                              
   222    6        21         1          25           1          21          21                                                              
   223    6        21        -2          25           1          -1          -2                                                              
   224    6        21        -2          25           2          -2          -2                                                              
   225    6        21        -2          25          -2           4          -4                                                              
   226    6        21        -2          25          -2           3          -3                                                              
   227    6        21        -2          25          -2           5          -5                                                              
   228    6        21        -2          25          -2          21          21                                                              
   229    6        21         2          25           1          -1           2                                                              
   230    6        21         2          25           2           2          -2                                                              
   231    6        21         2          25           2           4          -4                                                              
   232    6        21         2          25           2           3          -3                                                              
   233    6        21         2          25           2           5          -5                                                              
   234    6        21         2          25           2          21          21                                                              
   235    6        21        -4          25           1          -1          -4                                                              
   236    6        21        -4          25           2          -2          -4                                                              
   237    6        21        -4          25           4          -4          -4                                                              
   238    6        21        -4          25          -4           3          -3                                                              
   239    6        21        -4          25          -4           5          -5                                                              
   240    6        21        -4          25          -4          21          21                                                              
   241    6        21         4          25           1          -1           4                                                              
   242    6        21         4          25           2          -2           4                                                              
   243    6        21         4          25           4           4          -4                                                              
   244    6        21         4          25           4           3          -3                                                              
   245    6        21         4          25           4           5          -5                                                              
   246    6        21         4          25           4          21          21                                                              
   247    6        21        -3          25           1          -1          -3                                                              
   248    6        21        -3          25           2          -2          -3                                                              
   249    6        21        -3          25           4          -4          -3                                                              
   250    6        21        -3          25           3          -3          -3                                                              
   251    6        21        -3          25          -3           5          -5                                                              
   252    6        21        -3          25          -3          21          21                                                              
   253    6        21         3          25           1          -1           3                                                              
   254    6        21         3          25           2          -2           3                                                              
   255    6        21         3          25           4          -4           3                                                              
   256    6        21         3          25           3           3          -3                                                              
   257    6        21         3          25           3           5          -5                                                              
   258    6        21         3          25           3          21          21                                                              
   259    6        21        -5          25           1          -1          -5                                                              
   260    6        21        -5          25           2          -2          -5                                                              
   261    6        21        -5          25           4          -4          -5                                                              
   262    6        21        -5          25           3          -3          -5                                                              
   263    6        21        -5          25           5          -5          -5                                                              
   264    6        21        -5          25          -5          21          21                                                              
   265    6        21         5          25           1          -1           5                                                              
   266    6        21         5          25           2          -2           5                                                              
   267    6        21         5          25           4          -4           5                                                              
   268    6        21         5          25           3          -3           5                                                              
   269    6        21         5          25           5           5          -5                                                              
   270    6        21         5          25           5          21          21                                                              
   271    6        21        21          25           1          -1          21                                                              
   272    6        21        21          25           2          -2          21                                                              
   273    6        21        21          25           4          -4          21                                                              
   274    6        21        21          25           3          -3          21                                                              
   275    6        21        21          25           5          -5          21                                                              
   276    6        21        21          25          21          21          21                                                              
