     1    5        -1        -1          25          -1          -1                                                                          
     2    5        -1         1          25           1          -1                                                                          
     3    5        -1         1          25           2          -2                                                                          
     4    5        -1         1          25           4          -4                                                                          
     5    5        -1         1          25           3          -3                                                                          
     6    5        -1         1          25           5          -5                                                                          
     7    5        -1         1          25          21          21                                                                          
     8    5        -1        -2          25          -1          -2                                                                          
     9    5        -1         2          25          -1           2                                                                          
    10    5        -1        -4          25          -1          -4                                                                          
    11    5        -1         4          25          -1           4                                                                          
    12    5        -1        -3          25          -1          -3                                                                          
    13    5        -1         3          25          -1           3                                                                          
    14    5        -1        -5          25          -1          -5                                                                          
    15    5        -1         5          25          -1           5                                                                          
    16    5        -1        21          25          -1          21                                                                          
    17    5         1        -1          25           1          -1                                                                          
    18    5         1        -1          25           2          -2                                                                          
    19    5         1        -1          25           4          -4                                                                          
    20    5         1        -1          25           3          -3                                                                          
    21    5         1        -1          25           5          -5                                                                          
    22    5         1        -1          25          21          21                                                                          
    23    5         1         1          25           1           1                                                                          
    24    5         1        -2          25           1          -2                                                                          
    25    5         1         2          25           1           2                                                                          
    26    5         1        -4          25           1          -4                                                                          
    27    5         1         4          25           1           4                                                                          
    28    5         1        -3          25           1          -3                                                                          
    29    5         1         3          25           1           3                                                                          
    30    5         1        -5          25           1          -5                                                                          
    31    5         1         5          25           1           5                                                                          
    32    5         1        21          25           1          21                                                                          
    33    5        -2        -1          25          -1          -2                                                                          
    34    5        -2         1          25           1          -2                                                                          
    35    5        -2        -2          25          -2          -2                                                                          
    36    5        -2         2          25           1          -1                                                                          
    37    5        -2         2          25           2          -2                                                                          
    38    5        -2         2          25           4          -4                                                                          
    39    5        -2         2          25           3          -3                                                                          
    40    5        -2         2          25           5          -5                                                                          
    41    5        -2         2          25          21          21                                                                          
    42    5        -2        -4          25          -2          -4                                                                          
    43    5        -2         4          25          -2           4                                                                          
    44    5        -2        -3          25          -2          -3                                                                          
    45    5        -2         3          25          -2           3                                                                          
    46    5        -2        -5          25          -2          -5                                                                          
    47    5        -2         5          25          -2           5                                                                          
    48    5        -2        21          25          -2          21                                                                          
    49    5         2        -1          25          -1           2                                                                          
    50    5         2         1          25           1           2                                                                          
    51    5         2        -2          25           1          -1                                                                          
    52    5         2        -2          25           2          -2                                                                          
    53    5         2        -2          25           4          -4                                                                          
    54    5         2        -2          25           3          -3                                                                          
    55    5         2        -2          25           5          -5                                                                          
    56    5         2        -2          25          21          21                                                                          
    57    5         2         2          25           2           2                                                                          
    58    5         2        -4          25           2          -4                                                                          
    59    5         2         4          25           2           4                                                                          
    60    5         2        -3          25           2          -3                                                                          
    61    5         2         3          25           2           3                                                                          
    62    5         2        -5          25           2          -5                                                                          
    63    5         2         5          25           2           5                                                                          
    64    5         2        21          25           2          21                                                                          
    65    5        -4        -1          25          -1          -4                                                                          
    66    5        -4         1          25           1          -4                                                                          
    67    5        -4        -2          25          -2          -4                                                                          
    68    5        -4         2          25           2          -4                                                                          
    69    5        -4        -4          25          -4          -4                                                                          
    70    5        -4         4          25           1          -1                                                                          
    71    5        -4         4          25           2          -2                                                                          
    72    5        -4         4          25           4          -4                                                                          
    73    5        -4         4          25           3          -3                                                                          
    74    5        -4         4          25           5          -5                                                                          
    75    5        -4         4          25          21          21                                                                          
    76    5        -4        -3          25          -4          -3                                                                          
    77    5        -4         3          25          -4           3                                                                          
    78    5        -4        -5          25          -4          -5                                                                          
    79    5        -4         5          25          -4           5                                                                          
    80    5        -4        21          25          -4          21                                                                          
    81    5         4        -1          25          -1           4                                                                          
    82    5         4         1          25           1           4                                                                          
    83    5         4        -2          25          -2           4                                                                          
    84    5         4         2          25           2           4                                                                          
    85    5         4        -4          25           1          -1                                                                          
    86    5         4        -4          25           2          -2                                                                          
    87    5         4        -4          25           4          -4                                                                          
    88    5         4        -4          25           3          -3                                                                          
    89    5         4        -4          25           5          -5                                                                          
    90    5         4        -4          25          21          21                                                                          
    91    5         4         4          25           4           4                                                                          
    92    5         4        -3          25           4          -3                                                                          
    93    5         4         3          25           4           3                                                                          
    94    5         4        -5          25           4          -5                                                                          
    95    5         4         5          25           4           5                                                                          
    96    5         4        21          25           4          21                                                                          
    97    5        -3        -1          25          -1          -3                                                                          
    98    5        -3         1          25           1          -3                                                                          
    99    5        -3        -2          25          -2          -3                                                                          
   100    5        -3         2          25           2          -3                                                                          
   101    5        -3        -4          25          -4          -3                                                                          
   102    5        -3         4          25           4          -3                                                                          
   103    5        -3        -3          25          -3          -3                                                                          
   104    5        -3         3          25           1          -1                                                                          
   105    5        -3         3          25           2          -2                                                                          
   106    5        -3         3          25           4          -4                                                                          
   107    5        -3         3          25           3          -3                                                                          
   108    5        -3         3          25           5          -5                                                                          
   109    5        -3         3          25          21          21                                                                          
   110    5        -3        -5          25          -3          -5                                                                          
   111    5        -3         5          25          -3           5                                                                          
   112    5        -3        21          25          -3          21                                                                          
   113    5         3        -1          25          -1           3                                                                          
   114    5         3         1          25           1           3                                                                          
   115    5         3        -2          25          -2           3                                                                          
   116    5         3         2          25           2           3                                                                          
   117    5         3        -4          25          -4           3                                                                          
   118    5         3         4          25           4           3                                                                          
   119    5         3        -3          25           1          -1                                                                          
   120    5         3        -3          25           2          -2                                                                          
   121    5         3        -3          25           4          -4                                                                          
   122    5         3        -3          25           3          -3                                                                          
   123    5         3        -3          25           5          -5                                                                          
   124    5         3        -3          25          21          21                                                                          
   125    5         3         3          25           3           3                                                                          
   126    5         3        -5          25           3          -5                                                                          
   127    5         3         5          25           3           5                                                                          
   128    5         3        21          25           3          21                                                                          
   129    5        -5        -1          25          -1          -5                                                                          
   130    5        -5         1          25           1          -5                                                                          
   131    5        -5        -2          25          -2          -5                                                                          
   132    5        -5         2          25           2          -5                                                                          
   133    5        -5        -4          25          -4          -5                                                                          
   134    5        -5         4          25           4          -5                                                                          
   135    5        -5        -3          25          -3          -5                                                                          
   136    5        -5         3          25           3          -5                                                                          
   137    5        -5        -5          25          -5          -5                                                                          
   138    5        -5         5          25           1          -1                                                                          
   139    5        -5         5          25           2          -2                                                                          
   140    5        -5         5          25           4          -4                                                                          
   141    5        -5         5          25           3          -3                                                                          
   142    5        -5         5          25           5          -5                                                                          
   143    5        -5         5          25          21          21                                                                          
   144    5        -5        21          25          -5          21                                                                          
   145    5         5        -1          25          -1           5                                                                          
   146    5         5         1          25           1           5                                                                          
   147    5         5        -2          25          -2           5                                                                          
   148    5         5         2          25           2           5                                                                          
   149    5         5        -4          25          -4           5                                                                          
   150    5         5         4          25           4           5                                                                          
   151    5         5        -3          25          -3           5                                                                          
   152    5         5         3          25           3           5                                                                          
   153    5         5        -5          25           1          -1                                                                          
   154    5         5        -5          25           2          -2                                                                          
   155    5         5        -5          25           4          -4                                                                          
   156    5         5        -5          25           3          -3                                                                          
   157    5         5        -5          25           5          -5                                                                          
   158    5         5        -5          25          21          21                                                                          
   159    5         5         5          25           5           5                                                                          
   160    5         5        21          25           5          21                                                                          
   161    5        21        -1          25          -1          21                                                                          
   162    5        21         1          25           1          21                                                                          
   163    5        21        -2          25          -2          21                                                                          
   164    5        21         2          25           2          21                                                                          
   165    5        21        -4          25          -4          21                                                                          
   166    5        21         4          25           4          21                                                                          
   167    5        21        -3          25          -3          21                                                                          
   168    5        21         3          25           3          21                                                                          
   169    5        21        -5          25          -5          21                                                                          
   170    5        21         5          25           5          21                                                                          
   171    5        21        21          25           1          -1                                                                          
   172    5        21        21          25           2          -2                                                                          
   173    5        21        21          25           4          -4                                                                          
   174    5        21        21          25           3          -3                                                                          
   175    5        21        21          25           5          -5                                                                          
   176    5        21        21          25          21          21                                                                          
