     1    4        -1         1          25          21                                                                                      
     2    4        -1        21          25          -1                                                                                      
     3    4         1        -1          25          21                                                                                      
     4    4         1        21          25           1                                                                                      
     5    4        -2         2          25          21                                                                                      
     6    4        -2        21          25          -2                                                                                      
     7    4         2        -2          25          21                                                                                      
     8    4         2        21          25           2                                                                                      
     9    4        -4         4          25          21                                                                                      
    10    4        -4        21          25          -4                                                                                      
    11    4         4        -4          25          21                                                                                      
    12    4         4        21          25           4                                                                                      
    13    4        -3         3          25          21                                                                                      
    14    4        -3        21          25          -3                                                                                      
    15    4         3        -3          25          21                                                                                      
    16    4         3        21          25           3                                                                                      
    17    4        -5         5          25          21                                                                                      
    18    4        -5        21          25          -5                                                                                      
    19    4         5        -5          25          21                                                                                      
    20    4         5        21          25           5                                                                                      
    21    4        21        -1          25          -1                                                                                      
    22    4        21         1          25           1                                                                                      
    23    4        21        -2          25          -2                                                                                      
    24    4        21         2          25           2                                                                                      
    25    4        21        -4          25          -4                                                                                      
    26    4        21         4          25           4                                                                                      
    27    4        21        -3          25          -3                                                                                      
    28    4        21         3          25           3                                                                                      
    29    4        21        -5          25          -5                                                                                      
    30    4        21         5          25           5                                                                                      
    31    4        21        21          25          21                                                                                      
