     1    7        -1        -1          25         -11          11          -1          -1                                                  
     2    7        -1         1          25         -11          11           1          -1                                                  
     3    7        -1         1          25         -11          11           2          -2                                                  
     4    7        -1         1          25         -11          11           4          -4                                                  
     5    7        -1         1          25         -11          11           3          -3                                                  
     6    7        -1         1          25         -11          11           5          -5                                                  
     7    7        -1         1          25         -11          11          21          21                                                  
     8    7        -1        -2          25         -11          11          -1          -2                                                  
     9    7        -1         2          25         -11          11          -1           2                                                  
    10    7        -1        -4          25         -11          11          -1          -4                                                  
    11    7        -1         4          25         -11          11          -1           4                                                  
    12    7        -1        -3          25         -11          11          -1          -3                                                  
    13    7        -1         3          25         -11          11          -1           3                                                  
    14    7        -1        -5          25         -11          11          -1          -5                                                  
    15    7        -1         5          25         -11          11          -1           5                                                  
    16    7        -1        21          25         -11          11          -1          21                                                  
    17    7         1        -1          25         -11          11           1          -1                                                  
    18    7         1        -1          25         -11          11           2          -2                                                  
    19    7         1        -1          25         -11          11           4          -4                                                  
    20    7         1        -1          25         -11          11           3          -3                                                  
    21    7         1        -1          25         -11          11           5          -5                                                  
    22    7         1        -1          25         -11          11          21          21                                                  
    23    7         1         1          25         -11          11           1           1                                                  
    24    7         1        -2          25         -11          11           1          -2                                                  
    25    7         1         2          25         -11          11           1           2                                                  
    26    7         1        -4          25         -11          11           1          -4                                                  
    27    7         1         4          25         -11          11           1           4                                                  
    28    7         1        -3          25         -11          11           1          -3                                                  
    29    7         1         3          25         -11          11           1           3                                                  
    30    7         1        -5          25         -11          11           1          -5                                                  
    31    7         1         5          25         -11          11           1           5                                                  
    32    7         1        21          25         -11          11           1          21                                                  
    33    7        -2        -1          25         -11          11          -1          -2                                                  
    34    7        -2         1          25         -11          11           1          -2                                                  
    35    7        -2        -2          25         -11          11          -2          -2                                                  
    36    7        -2         2          25         -11          11           1          -1                                                  
    37    7        -2         2          25         -11          11           2          -2                                                  
    38    7        -2         2          25         -11          11           4          -4                                                  
    39    7        -2         2          25         -11          11           3          -3                                                  
    40    7        -2         2          25         -11          11           5          -5                                                  
    41    7        -2         2          25         -11          11          21          21                                                  
    42    7        -2        -4          25         -11          11          -2          -4                                                  
    43    7        -2         4          25         -11          11          -2           4                                                  
    44    7        -2        -3          25         -11          11          -2          -3                                                  
    45    7        -2         3          25         -11          11          -2           3                                                  
    46    7        -2        -5          25         -11          11          -2          -5                                                  
    47    7        -2         5          25         -11          11          -2           5                                                  
    48    7        -2        21          25         -11          11          -2          21                                                  
    49    7         2        -1          25         -11          11          -1           2                                                  
    50    7         2         1          25         -11          11           1           2                                                  
    51    7         2        -2          25         -11          11           1          -1                                                  
    52    7         2        -2          25         -11          11           2          -2                                                  
    53    7         2        -2          25         -11          11           4          -4                                                  
    54    7         2        -2          25         -11          11           3          -3                                                  
    55    7         2        -2          25         -11          11           5          -5                                                  
    56    7         2        -2          25         -11          11          21          21                                                  
    57    7         2         2          25         -11          11           2           2                                                  
    58    7         2        -4          25         -11          11           2          -4                                                  
    59    7         2         4          25         -11          11           2           4                                                  
    60    7         2        -3          25         -11          11           2          -3                                                  
    61    7         2         3          25         -11          11           2           3                                                  
    62    7         2        -5          25         -11          11           2          -5                                                  
    63    7         2         5          25         -11          11           2           5                                                  
    64    7         2        21          25         -11          11           2          21                                                  
    65    7        -4        -1          25         -11          11          -1          -4                                                  
    66    7        -4         1          25         -11          11           1          -4                                                  
    67    7        -4        -2          25         -11          11          -2          -4                                                  
    68    7        -4         2          25         -11          11           2          -4                                                  
    69    7        -4        -4          25         -11          11          -4          -4                                                  
    70    7        -4         4          25         -11          11           1          -1                                                  
    71    7        -4         4          25         -11          11           2          -2                                                  
    72    7        -4         4          25         -11          11           4          -4                                                  
    73    7        -4         4          25         -11          11           3          -3                                                  
    74    7        -4         4          25         -11          11           5          -5                                                  
    75    7        -4         4          25         -11          11          21          21                                                  
    76    7        -4        -3          25         -11          11          -4          -3                                                  
    77    7        -4         3          25         -11          11          -4           3                                                  
    78    7        -4        -5          25         -11          11          -4          -5                                                  
    79    7        -4         5          25         -11          11          -4           5                                                  
    80    7        -4        21          25         -11          11          -4          21                                                  
    81    7         4        -1          25         -11          11          -1           4                                                  
    82    7         4         1          25         -11          11           1           4                                                  
    83    7         4        -2          25         -11          11          -2           4                                                  
    84    7         4         2          25         -11          11           2           4                                                  
    85    7         4        -4          25         -11          11           1          -1                                                  
    86    7         4        -4          25         -11          11           2          -2                                                  
    87    7         4        -4          25         -11          11           4          -4                                                  
    88    7         4        -4          25         -11          11           3          -3                                                  
    89    7         4        -4          25         -11          11           5          -5                                                  
    90    7         4        -4          25         -11          11          21          21                                                  
    91    7         4         4          25         -11          11           4           4                                                  
    92    7         4        -3          25         -11          11           4          -3                                                  
    93    7         4         3          25         -11          11           4           3                                                  
    94    7         4        -5          25         -11          11           4          -5                                                  
    95    7         4         5          25         -11          11           4           5                                                  
    96    7         4        21          25         -11          11           4          21                                                  
    97    7        -3        -1          25         -11          11          -1          -3                                                  
    98    7        -3         1          25         -11          11           1          -3                                                  
    99    7        -3        -2          25         -11          11          -2          -3                                                  
   100    7        -3         2          25         -11          11           2          -3                                                  
   101    7        -3        -4          25         -11          11          -4          -3                                                  
   102    7        -3         4          25         -11          11           4          -3                                                  
   103    7        -3        -3          25         -11          11          -3          -3                                                  
   104    7        -3         3          25         -11          11           1          -1                                                  
   105    7        -3         3          25         -11          11           2          -2                                                  
   106    7        -3         3          25         -11          11           4          -4                                                  
   107    7        -3         3          25         -11          11           3          -3                                                  
   108    7        -3         3          25         -11          11           5          -5                                                  
   109    7        -3         3          25         -11          11          21          21                                                  
   110    7        -3        -5          25         -11          11          -3          -5                                                  
   111    7        -3         5          25         -11          11          -3           5                                                  
   112    7        -3        21          25         -11          11          -3          21                                                  
   113    7         3        -1          25         -11          11          -1           3                                                  
   114    7         3         1          25         -11          11           1           3                                                  
   115    7         3        -2          25         -11          11          -2           3                                                  
   116    7         3         2          25         -11          11           2           3                                                  
   117    7         3        -4          25         -11          11          -4           3                                                  
   118    7         3         4          25         -11          11           4           3                                                  
   119    7         3        -3          25         -11          11           1          -1                                                  
   120    7         3        -3          25         -11          11           2          -2                                                  
   121    7         3        -3          25         -11          11           4          -4                                                  
   122    7         3        -3          25         -11          11           3          -3                                                  
   123    7         3        -3          25         -11          11           5          -5                                                  
   124    7         3        -3          25         -11          11          21          21                                                  
   125    7         3         3          25         -11          11           3           3                                                  
   126    7         3        -5          25         -11          11           3          -5                                                  
   127    7         3         5          25         -11          11           3           5                                                  
   128    7         3        21          25         -11          11           3          21                                                  
   129    7        -5        -1          25         -11          11          -1          -5                                                  
   130    7        -5         1          25         -11          11           1          -5                                                  
   131    7        -5        -2          25         -11          11          -2          -5                                                  
   132    7        -5         2          25         -11          11           2          -5                                                  
   133    7        -5        -4          25         -11          11          -4          -5                                                  
   134    7        -5         4          25         -11          11           4          -5                                                  
   135    7        -5        -3          25         -11          11          -3          -5                                                  
   136    7        -5         3          25         -11          11           3          -5                                                  
   137    7        -5        -5          25         -11          11          -5          -5                                                  
   138    7        -5         5          25         -11          11           1          -1                                                  
   139    7        -5         5          25         -11          11           2          -2                                                  
   140    7        -5         5          25         -11          11           4          -4                                                  
   141    7        -5         5          25         -11          11           3          -3                                                  
   142    7        -5         5          25         -11          11           5          -5                                                  
   143    7        -5         5          25         -11          11          21          21                                                  
   144    7        -5        21          25         -11          11          -5          21                                                  
   145    7         5        -1          25         -11          11          -1           5                                                  
   146    7         5         1          25         -11          11           1           5                                                  
   147    7         5        -2          25         -11          11          -2           5                                                  
   148    7         5         2          25         -11          11           2           5                                                  
   149    7         5        -4          25         -11          11          -4           5                                                  
   150    7         5         4          25         -11          11           4           5                                                  
   151    7         5        -3          25         -11          11          -3           5                                                  
   152    7         5         3          25         -11          11           3           5                                                  
   153    7         5        -5          25         -11          11           1          -1                                                  
   154    7         5        -5          25         -11          11           2          -2                                                  
   155    7         5        -5          25         -11          11           4          -4                                                  
   156    7         5        -5          25         -11          11           3          -3                                                  
   157    7         5        -5          25         -11          11           5          -5                                                  
   158    7         5        -5          25         -11          11          21          21                                                  
   159    7         5         5          25         -11          11           5           5                                                  
   160    7         5        21          25         -11          11           5          21                                                  
   161    7        21        -1          25         -11          11          -1          21                                                  
   162    7        21         1          25         -11          11           1          21                                                  
   163    7        21        -2          25         -11          11          -2          21                                                  
   164    7        21         2          25         -11          11           2          21                                                  
   165    7        21        -4          25         -11          11          -4          21                                                  
   166    7        21         4          25         -11          11           4          21                                                  
   167    7        21        -3          25         -11          11          -3          21                                                  
   168    7        21         3          25         -11          11           3          21                                                  
   169    7        21        -5          25         -11          11          -5          21                                                  
   170    7        21         5          25         -11          11           5          21                                                  
   171    7        21        21          25         -11          11           1          -1                                                  
   172    7        21        21          25         -11          11           2          -2                                                  
   173    7        21        21          25         -11          11           4          -4                                                  
   174    7        21        21          25         -11          11           3          -3                                                  
   175    7        21        21          25         -11          11           5          -5                                                  
