     1    6        -1         1          25         -11          11          21                                                              
     2    6        -1        21          25         -11          11          -1                                                              
     3    6         1        -1          25         -11          11          21                                                              
     4    6         1        21          25         -11          11           1                                                              
     5    6        -2         2          25         -11          11          21                                                              
     6    6        -2        21          25         -11          11          -2                                                              
     7    6         2        -2          25         -11          11          21                                                              
     8    6         2        21          25         -11          11           2                                                              
     9    6        -4         4          25         -11          11          21                                                              
    10    6        -4        21          25         -11          11          -4                                                              
    11    6         4        -4          25         -11          11          21                                                              
    12    6         4        21          25         -11          11           4                                                              
    13    6        -3         3          25         -11          11          21                                                              
    14    6        -3        21          25         -11          11          -3                                                              
    15    6         3        -3          25         -11          11          21                                                              
    16    6         3        21          25         -11          11           3                                                              
    17    6        -5         5          25         -11          11          21                                                              
    18    6        -5        21          25         -11          11          -5                                                              
    19    6         5        -5          25         -11          11          21                                                              
    20    6         5        21          25         -11          11           5                                                              
    21    6        21        -1          25         -11          11          -1                                                              
    22    6        21         1          25         -11          11           1                                                              
    23    6        21        -2          25         -11          11          -2                                                              
    24    6        21         2          25         -11          11           2                                                              
    25    6        21        -4          25         -11          11          -4                                                              
    26    6        21         4          25         -11          11           4                                                              
    27    6        21        -3          25         -11          11          -3                                                              
    28    6        21         3          25         -11          11           3                                                              
    29    6        21        -5          25         -11          11          -5                                                              
    30    6        21         5          25         -11          11           5                                                              
